SPM (Spatial Population Model)
Call: spm -m -q -g 0 
Date: Mon Jan 13 18:36:53 2020
v1.1-2019-12-30 (rev. 2019-12-30 23:29:40 UTC). Copyright (c) 2008-2019, NIWA
User name: alist
Machine name: DELL-9020 (Windows_NT, PID=19448)

[MCMC]
report.type: MCMC
Original covariance matrix:
8.15156e-12 2.26448e-11 -6.13992e-08 4.4717e-06 -6.04314e-09 1.43992e-07 1.93218e-10 -2.55918e-08 5.49319e-06 8.1339e-06 -2.38893e-11 -2.35603e-08 3.25875e-07 2.16341e-07 -1.0663e-07 9.91727e-08 0.000312181
2.26448e-11 7.71299e-07 -1.90207e-05 0.0153407 -5.87983e-05 -0.000102443 6.40569e-08 9.22021e-06 0.0177959 0.00505175 -9.50757e-08 -2.52755e-05 -1.62236e-05 -1.12649e-05 -1.3433e-05 8.08068e-05 -0.593451
-6.13992e-08 -1.90207e-05 0.32662 0.908463 0.0859418 0.127078 0.000129741 -0.00570379 -11.2727 4.11436 2.99433e-05 0.0425072 0.0101846 1.71058e-07 0.00850817 0.0178699 396.951
4.4717e-06 0.0153407 0.908463 1508.55 -2.31738 -4.30894 -0.000176211 0.232283 2974.51 239.74 0.00716315 0.174066 0.863671 0.124574 1.42798 -0.389757 -35678.4
-6.04314e-09 -5.87983e-05 0.0859418 -2.31738 0.0903637 0.118873 1.4211e-05 -0.00570787 -2.48114 3.11019 5.9487e-05 0.0429101 -0.00202946 -0.00106698 0.0004395 0.00574059 380.158
1.43992e-07 -0.000102443 0.127078 -4.30894 0.118873 0.239745 7.65733e-06 -0.013145 1.4454 4.76797 0.000139183 0.0583717 0.00230161 0.002209 0.00641013 -0.0127912 689.204
1.93218e-10 6.40569e-08 0.000129741 -0.000176211 1.4211e-05 7.65733e-06 1.46861e-06 -4.05195e-06 -0.0536641 0.0114637 -2.19155e-07 1.95573e-05 3.76002e-05 2.54822e-05 -3.90045e-06 0.00018713 0.168655
-2.55918e-08 9.22021e-06 -0.00570379 0.232283 -0.00570787 -0.013145 -4.05195e-06 0.00119097 -0.399912 -0.213742 -1.06035e-05 -0.00325347 -0.00117992 -0.000754565 3.32837e-05 0.00269064 -41.9684
5.49319e-06 0.0177959 -11.2727 2974.51 -2.48114 1.4454 -0.0536641 -0.399912 14454.4 381.946 0.0345497 2.71189 -2.66151 -3.25807 -0.166544 -7.83327 -76825.7
8.1339e-06 0.00505175 4.11436 239.74 3.11019 4.76797 0.0114637 -0.213742 381.946 449.171 -0.000974327 1.48447 0.505064 0.378406 0.271733 4.38 3887.77
-2.38893e-11 -9.50757e-08 2.99433e-05 0.00716315 5.9487e-05 0.000139183 -2.19155e-07 -1.06035e-05 0.0345497 -0.000974327 4.16612e-07 5.38734e-05 -3.52151e-06 -9.89071e-06 3.68579e-05 -0.000175054 0.344368
-2.35603e-08 -2.52755e-05 0.0425072 0.174066 0.0429101 0.0583717 1.95573e-05 -0.00325347 2.71189 1.48447 5.38734e-05 0.0287379 -0.00141124 -0.00206527 0.00077267 -0.00823103 184.113
3.25875e-07 -1.62236e-05 0.0101846 0.863671 -0.00202946 0.00230161 3.76002e-05 -0.00117992 -2.66151 0.505064 -3.52151e-06 -0.00141124 0.0259939 0.0191642 -0.00037987 0.0041556 41.5295
2.16341e-07 -1.12649e-05 1.71058e-07 0.124574 -0.00106698 0.002209 2.54822e-05 -0.000754565 -3.25807 0.378406 -9.89071e-06 -0.00206527 0.0191642 0.02255 -0.000215563 0.00431828 45.791
-1.0663e-07 -1.3433e-05 0.00850817 1.42798 0.0004395 0.00641013 -3.90045e-06 3.32837e-05 -0.166544 0.271733 3.68579e-05 0.00077267 -0.00037987 -0.000215563 0.0248811 -0.0151416 22.6947
9.91727e-08 8.08068e-05 0.0178699 -0.389757 0.00574059 -0.0127912 0.00018713 0.00269064 -7.83327 4.38 -0.000175054 -0.00823103 0.0041556 0.00431828 -0.0151416 0.123097 -187.249
0.000312181 -0.593451 396.951 -35678.4 380.158 689.204 0.168655 -41.9684 -76825.7 3887.77 0.344368 184.113 41.5295 45.791 22.6947 -187.249 3.80776e+06
Proposal distribution covariance matrix:
9.99998e-07 4.50648e-09 -0.00187768 0.00156622 -2.11662e-06 5.04333e-05 2.7866e-08 -0.012727 0.00192399 0.00284891 -2.59267e-06 -8.25201e-06 0.000114138 7.57735e-05 -3.73471e-05 3.47353e-05 0.109342
4.50648e-09 2.49001e-07 -0.000943618 0.00871637 -3.34083e-05 -5.82064e-05 1.49866e-08 0.00743833 0.0101114 0.00287033 -1.67387e-05 -1.43611e-05 -9.21798e-06 -6.40053e-06 -7.63243e-06 4.59131e-05 -0.33719
-0.00187768 -0.000943618 2490.01 79.3207 7.50384 11.0956 0.00466447 -707.112 -984.257 359.237 0.810109 3.71144 0.889249 1.49356e-05 0.742875 1.56028 34659
0.00156622 0.00871637 79.3207 1508.55 -2.31738 -4.30894 -7.25574e-05 329.809 2974.51 239.74 2.21957 0.174066 0.863671 0.124574 1.42798 -0.389757 -35678.4
-2.11662e-06 -3.34083e-05 7.50384 -2.31738 0.0903637 0.11775 5.85157e-06 -8.10436 -2.48114 3.11019 0.0184326 0.0407675 -0.00202946 -0.00106698 0.0004395 0.00574059 380.158
5.04333e-05 -5.82064e-05 11.0956 -4.30894 0.118873 0.239745 3.15301e-06 -18.664 1.4454 4.76797 0.043127 0.0583717 0.00230161 0.002209 0.00641013 -0.0127912 689.204
2.7866e-08 1.49866e-08 0.00466447 -7.25574e-05 5.85157e-06 3.15301e-06 2.49001e-07 -0.00236896 -0.0220969 0.00472033 -2.79617e-05 8.05297e-06 1.54824e-05 1.04926e-05 -1.60606e-06 7.70534e-05 0.069446
-0.012727 0.00743833 -707.112 329.809 -8.10436 -18.664 -0.00236896 2401 -567.818 -303.484 -4.66507 -4.61947 -1.67532 -1.07138 0.0472582 3.82033 -59589.2
0.00192399 0.0101114 -984.257 2974.51 -2.48114 1.4454 -0.0220969 -567.818 14454.4 381.946 10.7055 2.71189 -2.66151 -3.25807 -0.166544 -7.83327 -76825.7
0.00284891 0.00287033 359.237 239.74 3.11019 4.76797 0.00472033 -303.484 381.946 449.171 -0.301904 1.48447 0.505064 0.378406 0.271733 4.38 3887.77
-2.59267e-06 -1.67387e-05 0.810109 2.21957 0.0184326 0.043127 -2.79617e-05 -4.66507 10.7055 -0.301904 0.04 0.0166932 -0.00109117 -0.00306473 0.0114208 -0.0542419 106.706
-8.25201e-06 -1.43611e-05 3.71144 0.174066 0.0429101 0.0583717 8.05297e-06 -4.61947 2.71189 1.48447 0.0166932 0.0287379 -0.00141124 -0.00206527 0.00077267 -0.00823103 184.113
0.000114138 -9.21798e-06 0.889249 0.863671 -0.00202946 0.00230161 1.54824e-05 -1.67532 -2.66151 0.505064 -0.00109117 -0.00141124 0.0259939 0.0191642 -0.00037987 0.0041556 41.5295
7.57735e-05 -6.40053e-06 1.49356e-05 0.124574 -0.00106698 0.002209 1.04926e-05 -1.07138 -3.25807 0.378406 -0.00306473 -0.00206527 0.0191642 0.02255 -0.000215563 0.00431828 45.791
-3.73471e-05 -7.63243e-06 0.742875 1.42798 0.0004395 0.00641013 -1.60606e-06 0.0472582 -0.166544 0.271733 0.0114208 0.00077267 -0.00037987 -0.000215563 0.0248811 -0.0151416 22.6947
3.47353e-05 4.59131e-05 1.56028 -0.389757 0.00574059 -0.0127912 7.70534e-05 3.82033 -7.83327 4.38 -0.0542419 -0.00823103 0.0041556 0.00431828 -0.0151416 0.123097 -187.249
0.109342 -0.33719 34659 -35678.4 380.158 689.204 0.069446 -59589.2 -76825.7 3887.77 106.706 184.113 41.5295 45.791 22.6947 -187.249 3.80776e+06
Cholesky decomposition matrix:
0.000999999 0 0 0 0 0 0 0 0 0 0 0 0 0 0 0 0
4.50649e-06 0.00049898 0 0 0 0 0 0 0 0 0 0 0 0 0 0 0
-1.87768 -1.87414 49.8294 0 0 0 0 0 0 0 0 0 0 0 0 0 0
1.56622 17.4542 2.30734 34.585 0 0 0 0 0 0 0 0 0 0 0 0 0
-0.00211662 -0.0669341 0.147993 -0.0430027 0.249254 0 0 0 0 0 0 0 0 0 0 0 0
0.0504333 -0.117106 0.220167 -0.0824614 0.300945 0.278651 0 0 0 0 0 0 0 0 0 0 0
2.7866e-05 2.97828e-05 9.5779e-05 -2.47805e-05 -2.94328e-05 -3.24339e-05 0.000485419 0 0 0 0 0 0 0 0 0 0
-12.727 15.022 -14.1052 3.47232 -19.6146 -25.0071 -4.97109 27.7047 0 0 0 0 0 0 0 0 0
1.924 20.2467 -18.9185 76.9629 20.0099 29.4606 -36.0305 -15.5739 70.3595 0 0 0 0 0 0 0 0
2.84891 5.72666 7.53208 3.41028 10.1562 3.09114 8.7196 2.20196 2.76753 11.7752 0 0 0 0 0 0 0
-0.00259267 -0.0335225 0.0148991 0.0802186 0.0699203 0.0776043 -0.0448176 -0.0423594 -0.00657476 -0.0794968 0.105524 0 0 0 0 0 0
-0.00825202 -0.0287065 0.0730922 0.0150179 0.123568 0.0121475 0.0134734 -0.0187674 0.0127726 -0.0283157 0.0139776 0.0718827 0 0 0 0 0
0.114138 -0.0195045 0.0214133 0.0282184 -0.0202561 -0.0072866 0.0220397 -0.00706039 -0.0419095 0.0171273 -0.00260861 0.00279058 0.0909274 0 0 0 0
0.0757736 -0.0135116 0.00234743 0.00683284 -0.00748051 -0.00321893 0.0173118 -0.00129279 -0.0392786 0.0208449 -0.00958554 -0.00236769 0.0816226 0.0864226 0 0 0
-0.0373472 -0.0149588 0.0129384 0.0496664 -0.00168427 0.0297711 0.00162275 0.0189937 -0.0548414 0.0185006 0.0610325 -0.0153612 -0.00241372 0.00379701 0.109749 0 0
0.0347354 0.0917004 0.0360702 -0.061528 0.0159194 -0.0775533 0.136641 0.0959918 0.0574973 0.187695 -0.154324 -0.0188024 -0.00866815 -0.0182973 -0.00668304 0.105273 0
109.342 -676.746 674.22 -740.009 816.393 535.745 92.7972 -219.456 -366.961 -370.336 -19.2259 127.067 326.628 52.5228 223.869 -632.462 690.973
MCMC objective function values:
iteration score penalty prior likelihood acceptance_rate acceptance_rate_since_adapt stepsize
0 8040.47 0 0 8040.47 0 0 0.582086
500 4649.57 0 0 10719.7 0.004 0.004 0.582086
1000 4646.26 0 0 4661.83 0.125 0.246 0.00970143
1500 4644.53 0 0 4649.35 0.159333 0.228 0.00994396
2000 4639.27 0 0 4639.27 0.1795 0.234 0.00994396
2500 4640.95 0 0 4641.93 0.192 0.236667 0.00994396
3000 4642.14 0 0 4643.56 0.200667 0.2385 0.00994396
3500 4640.29 0 0 4674.08 0.208857 0.2424 0.00994396
4000 4640.07 0 0 4709.3 0.2135 0.243 0.00994396
4500 4639.84 0 0 4641.22 0.211556 0.236286 0.00994396
5000 4637.82 0 0 4638.71 0.2158 0.2385 0.00994396
5500 4633.83 0 0 4738.13 0.220545 0.241778 0.00994396
6000 4633.46 0 0 4635.66 0.219 0.2378 0.00994396
6500 4632.36 0 0 4802.24 0.221231 0.238727 0.00994396
7000 4631.97 0 0 4631.97 0.220429 0.236333 0.00994396
7500 4629.41 0 0 4629.41 0.22 0.234615 0.00994396
8000 4628.44 0 0 4654.23 0.219625 0.233143 0.00994396
8500 4628.13 0 0 4842.39 0.219059 0.2316 0.00994396
9000 4630.66 0 0 4630.66 0.218 0.229625 0.00994396
9500 4629 0 0 4885.44 0.218105 0.229059 0.00994396
10000 4627.39 0 0 4774.57 0.2193 0.229778 0.00994396
10500 4628.97 0 0 4628.97 0.22019 0.238 0.00952042
11000 4627.59 0 0 4664.46 0.220091 0.228 0.00952042
11500 4627.77 0 0 4674.58 0.221652 0.237333 0.00952042
12000 4627.43 0 0 4628.46 0.220667 0.2275 0.00952042
12500 4627.38 0 0 4850.32 0.22064 0.226 0.00952042
13000 4626.96 0 0 4638.35 0.220692 0.225333 0.00952042
13500 4627.28 0 0 4627.28 0.221704 0.228571 0.00952042
14000 4627.59 0 0 4640.04 0.221786 0.228 0.00952042
14500 4626.63 0 0 4705.6 0.222345 0.229111 0.00952042
15000 4626.21 0 0 4629.42 0.221933 0.2272 0.00952042
15500 4626.97 0 0 4645.9 0.222774 0.229091 0.00952042
16000 4625.99 0 0 4631.37 0.22375 0.231167 0.00952042
16500 4627.19 0 0 4630.69 0.223394 0.229692 0.00952042
17000 4630.99 0 0 4652.34 0.223882 0.230429 0.00952042
17500 4628.72 0 0 6421.99 0.224229 0.2308 0.00952042
18000 4630.02 0 0 4630.02 0.2245 0.231 0.00952042
18500 4628.89 0 0 4631.43 0.224162 0.229882 0.00952042
19000 4630.59 0 0 4630.59 0.224842 0.231 0.00952042
19500 4629.69 0 0 4657.78 0.225333 0.231684 0.00952042
20000 4629.76 0 0 4648.52 0.226 0.2327 0.00952042
20500 4628.85 0 0 4639.06 0.225951 0.224 0.00923084
21000 4628.17 0 0 4628.17 0.225905 0.224 0.00923084
21500 4630.48 0 0 4658.19 0.226651 0.235333 0.00923084
22000 4631.67 0 0 4649.6 0.227818 0.246 0.00923084
22500 4631.34 0 0 4634.65 0.228133 0.2452 0.00923084
23000 4629.79 0 0 4631.91 0.228696 0.246667 0.00923084
23500 4630.25 0 0 4630.25 0.229447 0.249143 0.00923084
24000 4630.3 0 0 4632.76 0.229375 0.24625 0.00923084
24500 4628.84 0 0 4633.06 0.228857 0.241556 0.00923084
25000 4629.99 0 0 4639.17 0.22872 0.2396 0.00923084
25500 4631.13 0 0 4631.13 0.229333 0.241455 0.00923084
26000 4630.91 0 0 4630.91 0.229692 0.242 0.00923084
26500 4628.86 0 0 4637.33 0.229962 0.242154 0.00923084
27000 4628.68 0 0 4628.68 0.22963 0.24 0.00923084
27500 4627.92 0 0 4627.92 0.229745 0.239733 0.00923084
28000 4627.41 0 0 4773.97 0.230536 0.241875 0.00923084
28500 4627.48 0 0 4627.48 0.230667 0.241647 0.00923084
29000 4627.69 0 0 4695.39 0.231414 0.243444 0.00923084
29500 4627.35 0 0 4639.83 0.231186 0.242105 0.00923084
30000 4627.1 0 0 4665.74 0.231467 0.2424 0.00923084
30500 4627.24 0 0 4655.34 0.231279 0.22 0.00932315
31000 4626.31 0 0 4640.01 0.230806 0.211 0.00932315
31500 4627.79 0 0 4648.21 0.231048 0.222667 0.00932315
32000 4627.09 0 0 4627.09 0.2315 0.232 0.00932315
32500 4626.82 0 0 4673.03 0.231938 0.2376 0.00932315
33000 4626.05 0 0 4626.05 0.232697 0.245 0.00932315
33500 4626.62 0 0 4626.62 0.232746 0.243714 0.00932315
34000 4627.55 0 0 4750.2 0.233353 0.2475 0.00932315
34500 4628.61 0 0 4667.54 0.233594 0.247778 0.00932315
35000 4627.41 0 0 4627.41 0.234086 0.2498 0.00932315
35500 4626.84 0 0 4636.34 0.23431 0.249818 0.00932315
36000 4627.27 0 0 4627.27 0.234694 0.250833 0.00932315
36500 4628.09 0 0 4628.09 0.234575 0.248923 0.00932315
37000 4627.43 0 0 4633.21 0.235243 0.251429 0.00932315
37500 4627.37 0 0 4646.89 0.234933 0.2488 0.00932315
38000 4628.68 0 0 4633.33 0.235184 0.249125 0.00932315
38500 4628.68 0 0 4641.18 0.235039 0.247647 0.00932315
39000 4629.53 0 0 4631.7 0.235 0.246778 0.00932315
39500 4629.23 0 0 4629.23 0.234582 0.244421 0.00932315
40000 4627.78 0 0 4629.39 0.2351 0.246 0.00932315
40500 4627.09 0 0 4727.61 0.23521 0.245905 0.00932315
41000 4626.05 0 0 4641.35 0.235366 0.246 0.00932315
41500 4626.93 0 0 4635.92 0.235976 0.247739 0.00932315
42000 4625.73 0 0 4625.73 0.236262 0.24825 0.00932315
42500 4626.15 0 0 4728.04 0.236141 0.24736 0.00932315
43000 4626.52 0 0 6431.29 0.235884 0.246077 0.00932315
43500 4626.8 0 0 4665.85 0.235908 0.245778 0.00932315
44000 4625.99 0 0 4631.12 0.235773 0.245 0.00932315
44500 4626.87 0 0 4658.63 0.235506 0.243862 0.00932315
45000 4625.63 0 0 4627.14 0.235689 0.244133 0.00932315
45500 4624.92 0 0 4646.78 0.235912 0.244516 0.00932315
46000 4626.99 0 0 4676.26 0.236174 0.245 0.00932315
46500 4626.16 0 0 4637.52 0.236495 0.245636 0.00932315
47000 4630.14 0 0 4914.26 0.236404 0.245118 0.00932315
47500 4625.73 0 0 4632.57 0.236716 0.245714 0.00932315
48000 4625.04 0 0 4625.04 0.236458 0.244778 0.00932315
48500 4625.97 0 0 4625.97 0.23633 0.244216 0.00932315
49000 4627.77 0 0 4627.77 0.236327 0.244 0.00932315
49500 4627.8 0 0 4627.93 0.236141 0.243333 0.00932315
50000 4627.6 0 0 4647.4 0.23592 0.2426 0.00932315
50500 4627.34 0 0 4628.78 0.235683 0.241854 0.00932315
51000 4626.16 0 0 4750.59 0.235627 0.241571 0.00932315
51500 4625.17 0 0 4625.17 0.235573 0.241302 0.00932315
52000 4624.69 0 0 5731.44 0.23575 0.241591 0.00932315
52500 4625.45 0 0 4637.45 0.235771 0.241511 0.00932315
53000 4625.71 0 0 4631.07 0.235755 0.241348 0.00932315
53500 4625.77 0 0 4633.3 0.235776 0.241277 0.00932315
54000 4624.68 0 0 4624.68 0.235704 0.241 0.00932315
54500 4624.87 0 0 4628.24 0.235945 0.241429 0.00932315
55000 4626.27 0 0 4636.15 0.235982 0.2414 0.00932315
55500 4625.96 0 0 4636.59 0.235982 0.241294 0.00932315
56000 4626.14 0 0 4653.7 0.236143 0.241538 0.00932315
56500 4626.43 0 0 4628.24 0.235947 0.241019 0.00932315
57000 4627.83 0 0 4627.83 0.236018 0.241074 0.00932315
57500 4626.97 0 0 4640.49 0.235913 0.240764 0.00932315
58000 4627.14 0 0 4710.74 0.235828 0.2405 0.00932315
58500 4628.87 0 0 4628.87 0.235829 0.240421 0.00932315
59000 4629.59 0 0 4634.97 0.235898 0.240483 0.00932315
59500 4628.36 0 0 4628.36 0.236185 0.240983 0.00932315
60000 4631.71 0 0 4637.44 0.236217 0.240967 0.00932315
MCMC samples:
catchability[CPUEq].q preference_function[ImmatureDistance].lambda preference_function[ImmatureDepth].a50 preference_function[ImmatureDepth].ato95 preference_function[ImmatureLatitude].a50 preference_function[ImmatureLatitude].ato95 preference_function[MatureDistance].lambda preference_function[MatureDepth].mu preference_function[MatureDepth].sigma_l preference_function[MatureDepth].sigma_r preference_function[MatureLatitude].a50 preference_function[MatureLatitude].ato95 selectivity[FishingSel].a50 selectivity[FishingSel].ato95 selectivity[Maturation].a50 selectivity[Maturation].ato95 process[BHrecruitment].r0
0.000487931 0.0135064 4985.18 2984.7 71.2034 7.84391 0.00963794 4965.88 2611.71 9286.32 60.3405 23.1673 12.6167 6.46435 15.427 10.4831 9.99363e+06
0.000108652 0.0129821 4954.3 3000.18 70.1914 6.24279 0.00915997 4997.66 2585.97 9215.3 60.2412 23.1319 12.8262 6.61916 15.9188 9.67437 9.9926e+06
0.000105912 0.0128362 4939.58 2978.5 70.2641 6.45487 0.00908249 4968.59 2616.35 9221.56 60.2259 23.1584 12.7769 6.6415 15.8392 9.76118 9.99276e+06
0.000105868 0.0128484 4943.77 2976.95 70.2935 6.34867 0.00934656 4975.19 2606.24 9227.34 60.1628 23.1895 12.7707 6.61947 15.7903 9.88872 9.99264e+06
0.000109411 0.0129252 4956.13 2966.68 70.2825 6.41347 0.00933318 4973.61 2591.73 9212.19 60.1955 23.2236 12.7149 6.47139 15.6411 9.80022 9.99236e+06
0.000111624 0.0125867 4939.94 2963.51 70.4185 6.68329 0.00950509 4950.8 2600.06 9220.13 60.2783 23.3117 12.6886 6.44708 15.7134 9.72052 9.99345e+06
0.00010981 0.0124493 4935.54 2961.58 70.3021 6.42405 0.00938076 4971.67 2579.33 9209.81 60.2933 23.2836 12.6948 6.40962 15.6954 9.63388 9.99281e+06
0.000111225 0.0125793 4923.62 2921.06 70.3573 6.51473 0.00937614 4977.27 2494.84 9201.34 60.2396 23.2698 12.6055 6.27848 15.6223 9.62101 9.99406e+06
0.000107583 0.0124044 4924.28 2927.87 70.3347 6.4607 0.0092996 4988.34 2532.92 9201.37 60.2003 23.2591 12.6279 6.27376 15.6667 9.69044 9.99373e+06
0.00010839 0.0125024 4920.35 2924.64 70.2767 6.42474 0.00955939 4998.85 2492.46 9201.26 60.1738 23.2304 12.6176 6.26407 15.6683 9.7355 9.99399e+06
0.000107945 0.0124377 4930.52 2904.1 70.3429 6.49518 0.00938156 4995.33 2468.66 9188.23 60.1462 23.2652 12.5753 6.18086 15.5345 9.72334 9.99441e+06
0.000108669 0.0124519 4946.42 2880.04 70.4743 6.62738 0.00949748 4984.55 2438.8 9191.2 60.0355 23.3456 12.5372 6.17664 15.4359 9.93723 9.99507e+06
0.000109174 0.012656 4948.76 2879.62 70.5157 6.64354 0.00935254 4997.71 2449.23 9190.98 60.057 23.361 12.5092 6.21262 15.4219 9.89345 9.9955e+06
0.000107242 0.0123583 4970.47 2872.99 70.5848 6.80003 0.00948939 4989.02 2456.21 9196.37 60.071 23.361 12.5139 6.22234 15.4331 9.95803 9.99558e+06
0.000105559 0.0127489 4981.13 2882.68 70.6541 6.89693 0.00929194 4982.9 2472.91 9205.04 60.044 23.3635 12.5116 6.24752 15.426 9.90043 9.99649e+06
0.000109343 0.0125743 4980.65 2875.87 70.891 7.23934 0.00958061 4945.09 2510.35 9220.32 60.0874 23.4427 12.5126 6.26482 15.3524 10.0864 9.99703e+06
0.00010869 0.0124017 4995.69 2859 70.9771 7.36378 0.0096947 4938.41 2463.05 9221.04 60.0216 23.4514 12.5395 6.28307 15.2334 10.1586 9.99759e+06
0.000108733 0.0124404 4990.72 2861.11 70.9862 7.49346 0.00970493 4931.02 2474.66 9220.97 60.057 23.5176 12.593 6.31966 15.2328 10.1392 9.99826e+06
0.000105403 0.0124255 4987.98 2844.25 71.0188 7.4726 0.00965102 4933.48 2417.49 9211.66 60.0318 23.518 12.5867 6.33759 15.2031 10.0655 9.99919e+06
0.000107763 0.0125752 4978.48 2851.32 71.111 7.54609 0.00980033 4915.54 2400.3 9217.03 60.0797 23.5575 12.6064 6.34165 15.325 10.0943 9.99947e+06
0.000108332 0.0129556 4963.07 2859.57 71.0066 7.50827 0.00994291 4924.99 2399.3 9223.86 60.0461 23.5239 12.5569 6.30887 15.1719 10.2397 9.99953e+06
0.000105714 0.0128514 4921.29 2858.26 70.9665 7.53593 0.00971221 4919.45 2434.29 9217.21 60.1143 23.4873 12.5496 6.32724 15.182 10.1038 9.99962e+06
0.000107326 0.012903 4933.41 2876.74 71.1155 7.62712 0.00969383 4923.48 2477.58 9226.51 60.1566 23.568 12.528 6.29439 15.1954 10.148 9.99947e+06
0.000106283 0.0129154 4925.27 2878.6 71.0992 7.71776 0.00963294 4912.23 2509.77 9229.36 60.1894 23.5847 12.5125 6.23976 15.2356 10.1276 9.99916e+06
0.000108751 0.0129401 4944.96 2869.69 71.026 7.58898 0.00997613 4913.64 2447.83 9229.71 60.1149 23.5962 12.5088 6.28089 15.2158 10.2051 9.99898e+06
0.000110518 0.0130288 4932.44 2873.71 70.9097 7.53752 0.010057 4916.64 2469.82 9236.12 60.0983 23.522 12.5408 6.30994 15.1294 10.2996 9.99801e+06
0.00010687 0.0130661 4899.12 2875.57 70.7257 7.37362 0.0100004 4939.1 2507.09 9232.31 60.081 23.4356 12.4769 6.25651 15.1141 10.3829 9.99669e+06
0.000107755 0.0133683 4890.02 2888.43 70.5417 7.21561 0.00992411 4957.84 2529.41 9230.45 60.0352 23.3254 12.4783 6.25184 15.1098 10.4247 9.99619e+06
0.000108927 0.0133188 4904.37 2874.1 70.6012 7.35739 0.0100405 4932.71 2498.86 9230.67 60.0613 23.363 12.5147 6.27739 15.0901 10.3963 9.99702e+06
0.000111574 0.0134582 4935.4 2889.03 70.7158 7.56508 0.00994822 4922.11 2535.48 9248.97 60.0486 23.3569 12.5595 6.25937 15.1122 10.5637 9.99698e+06
0.00010859 0.0133932 4958.18 2899.44 71.0412 7.92091 0.00937983 4903.91 2567.59 9242.82 60.2584 23.5429 12.5155 6.22211 15.1623 10.3355 9.99796e+06
0.000112002 0.013232 4993.86 2881.85 71.2274 7.94723 0.00919774 4916.39 2574.24 9244.28 60.1485 23.5593 12.4835 6.17589 15.1068 10.5199 9.99817e+06
0.000109231 0.0132333 4995.13 2890.88 71.16 7.96619 0.00922497 4924.25 2597.49 9246.08 60.1762 23.5203 12.5188 6.19038 15.0683 10.4557 9.99794e+06
0.000107349 0.0131837 4984.36 2875.35 71.2909 8.19977 0.00916994 4912.75 2589.83 9249.69 60.2255 23.617 12.5138 6.23194 15.0246 10.4258 9.99835e+06
0.000105679 0.013277 4959.73 2879.87 71.4328 8.34486 0.00918439 4897.13 2635.93 9254.02 60.3361 23.7099 12.5334 6.27324 14.9084 10.3583 9.99846e+06
0.000107997 0.0132433 4962.56 2881.79 71.4719 8.30129 0.00926981 4891.56 2653.64 9262.62 60.2892 23.7159 12.5166 6.25052 14.9 10.508 9.99822e+06
0.00011148 0.0128418 4961.84 2875.92 71.4663 8.26079 0.00922891 4882.83 2644.34 9253.57 60.3139 23.7866 12.5382 6.20957 14.892 10.3659 9.99887e+06
0.000109882 0.0129238 4897.64 2872.63 71.1847 7.83464 0.0092604 4895.79 2651.67 9239.68 60.2732 23.6726 12.5084 6.20693 14.9125 10.3059 9.99769e+06
0.000107125 0.0129772 4895.56 2900.67 71.0732 7.52616 0.00915549 4913.37 2741.84 9230.69 60.3106 23.6667 12.4719 6.11891 14.8856 10.3001 9.99574e+06
0.000109693 0.0129336 4901.6 2895.32 70.9543 7.50296 0.00902402 4906.74 2730.82 9225.41 60.2596 23.6103 12.5881 6.20317 14.8944 10.3032 9.99606e+06
0.000111429 0.0126709 4890.01 2882.72 71.0597 7.71687 0.00916507 4885.38 2709.72 9231.61 60.076 23.6135 12.5735 6.2377 14.7364 10.6578 9.99661e+06
0.000110808 0.0126205 4912.69 2883.76 71.2707 7.95059 0.00940508 4895.64 2689.45 9244.58 60.157 23.7182 12.5578 6.20885 14.7912 10.7405 9.99653e+06
0.000109585 0.0125924 4924.3 2878.8 71.3194 8.09267 0.00934929 4885.74 2656.68 9243.72 60.1754 23.7173 12.5756 6.28957 14.8496 10.6898 9.99765e+06
0.000109168 0.0125513 4910.24 2868.22 71.3869 8.33588 0.00933366 4861.8 2716.41 9247.49 60.2066 23.7674 12.4928 6.29476 14.7827 10.6357 9.99845e+06
0.000111918 0.0122164 4916.87 2865.14 71.5008 8.51969 0.00944754 4845.26 2702.56 9254.59 60.2616 23.8236 12.6117 6.41416 14.8264 10.5933 9.99991e+06
0.000112685 0.0121878 4925.45 2861.98 71.3497 8.36733 0.00979048 4855.47 2697.67 9255.44 60.0438 23.7281 12.6131 6.41027 14.7471 10.9274 9.99955e+06
0.000111339 0.0122924 4908.25 2882.09 71.1313 8.10746 0.00979073 4865.03 2727.12 9246.74 60.0833 23.6265 12.6111 6.38945 14.808 10.7849 9.99898e+06
0.000111242 0.012378 4904.63 2889.59 71.1277 8.16862 0.00987342 4865.98 2765.77 9251.09 60.1133 23.6355 12.6039 6.39282 14.7998 10.7955 9.99925e+06
0.000105349 0.0124648 4918.17 2891.96 71.0529 8.04023 0.00983331 4891.13 2732.69 9256.77 60.0159 23.5443 12.5605 6.34699 14.8779 10.9291 9.99869e+06
0.000109406 0.012536 4897.59 2903.25 71.0272 8.16878 0.00965895 4885.9 2820.5 9258.94 60.1052 23.565 12.537 6.3423 14.902 10.9231 9.99821e+06
0.000108943 0.0125066 4915.76 2918.18 71.06 8.2939 0.00956575 4871.46 2864.61 9260.56 60.2228 23.6083 12.5157 6.32041 14.9376 10.7139 9.99796e+06
0.000111101 0.0124615 4932.75 2922.72 70.9693 8.30576 0.00973943 4877.61 2823.41 9253.45 60.2889 23.5767 12.5492 6.39028 15.0586 10.556 9.99875e+06
0.000109377 0.0124555 4943.55 2914.79 71.0645 8.37822 0.00953982 4885.72 2786.42 9247.22 60.2934 23.5808 12.5882 6.46822 15.0328 10.451 9.99974e+06
0.000110453 0.0125322 4946.21 2921.07 71.043 8.24191 0.00944797 4911.73 2787.56 9249.9 60.1608 23.5745 12.5904 6.43588 15.0336 10.6344 9.99925e+06
0.000109616 0.0125768 4925.98 2904.51 71.0015 8.17894 0.00938591 4914.06 2751.94 9239.06 60.1464 23.5647 12.5851 6.38047 14.9659 10.5416 9.99974e+06
0.000106478 0.0127255 4903.93 2918.75 70.9912 8.09832 0.00943114 4936.23 2787.93 9250.37 60.1043 23.4035 12.549 6.41913 15.0938 10.7428 9.99883e+06
0.000110611 0.0128248 4919.11 2955.96 71.0524 8.04808 0.00973234 4948.42 2659.2 9252.22 60.1936 23.4765 12.6805 6.55756 15.2716 10.5427 9.99959e+06
0.000110931 0.0128983 4905.11 2943.74 70.9004 7.76884 0.009825 4964.15 2596.3 9237.38 60.1338 23.4099 12.6802 6.57444 15.2969 10.5217 9.99912e+06
0.00010942 0.0131592 4900.49 2947.89 70.8613 7.68857 0.0102027 4977.47 2547.66 9248.01 60.0148 23.4098 12.7044 6.64603 15.3158 10.7305 9.99894e+06
0.000110476 0.0131139 4899.17 2956.06 70.8856 7.70783 0.0101615 4975.16 2560.49 9247.8 60.0443 23.4429 12.7518 6.65583 15.2964 10.7185 9.99925e+06
0.000110466 0.01317 4896.46 2977.12 70.9363 7.69067 0.0100822 4975.67 2605.11 9252.55 60.0473 23.5003 12.7724 6.66161 15.3012 10.7757 9.99914e+06
0.000111136 0.01318 4917.18 2974.59 70.9886 7.68147 0.0100401 4989.83 2545.7 9249.04 60.0147 23.5099 12.8132 6.69644 15.2848 10.7668 9.99961e+06
0.000110842 0.0132256 4916.1 2991.88 70.9822 7.66504 0.010012 4987.59 2582.06 9246.14 60.0872 23.5314 12.7331 6.60583 15.268 10.6811 9.99859e+06
0.000111924 0.0132549 4918.84 2999.54 71.1134 7.82542 0.00957404 4972.4 2677.56 9248.64 60.1756 23.5916 12.7458 6.62466 15.2762 10.5678 9.999e+06
0.000109932 0.0133411 4911.28 3020.24 71.0093 7.6035 0.00978957 4991.74 2685.58 9249.7 60.146 23.5407 12.7882 6.63955 15.283 10.6747 9.99809e+06
0.000110446 0.0132706 4908.83 3018.78 71.0243 7.61847 0.0102501 4987.36 2665.42 9256.18 60.1184 23.5537 12.8198 6.62814 15.272 10.7567 9.99902e+06
0.000112407 0.0133524 4887.04 3006.12 70.9489 7.52403 0.0106593 4981.93 2595.57 9261.33 60.0178 23.4748 12.821 6.60216 15.2344 10.9631 9.99851e+06
0.00011206 0.0135626 4894 3007.03 71.0242 7.62706 0.0101493 4980.28 2605.61 9255.56 60.0492 23.4853 12.798 6.65139 15.1936 10.8412 9.99902e+06
0.000111157 0.0136318 4911.12 3018.29 71.0432 7.83356 0.00992412 4957.21 2649.4 9248.23 60.1574 23.5114 12.8176 6.67434 15.1982 10.629 9.99971e+06
0.000113502 0.0135053 4904.39 3000.51 71.1498 8.04543 0.0100085 4940.35 2665.37 9254.79 60.1698 23.551 12.8429 6.69893 15.1284 10.7354 9.99981e+06
0.000111765 0.0135255 4888.08 2994.68 71.0851 7.94111 0.0102136 4942.65 2637.21 9255.79 60.0995 23.544 12.8346 6.67344 15.1214 10.833 9.99963e+06
0.000111362 0.0139637 4902.85 3012.06 70.9087 7.68242 0.0101691 4953.58 2653.36 9255.51 60.0456 23.7575 12.7858 6.60243 15.0793 10.7724 9.99862e+06
0.000111642 0.0138404 4898.54 3020.66 70.9469 7.68448 0.00995949 4957.29 2708.17 9252.09 60.091 23.8076 12.789 6.60928 15.0461 10.7311 9.99833e+06
0.000113655 0.0138748 4901.98 3033.37 70.8539 7.61073 0.0100416 4953.47 2732.32 9251.96 60.0895 23.7762 12.8162 6.62472 15.0609 10.7416 9.99788e+06
0.000113671 0.0137793 4898.67 3015.96 70.8927 7.65169 0.0102087 4951.77 2665.61 9246.57 60.0808 23.7431 12.8548 6.62081 15.0666 10.7267 9.99866e+06
0.000110152 0.0137405 4905.86 3018.67 70.8943 7.64607 0.010319 4951.73 2625.87 9246.29 60.0749 23.7492 12.8476 6.607 15.134 10.688 9.99909e+06
0.000111238 0.0137961 4890.54 3012.14 70.828 7.62465 0.0105969 4931.21 2636.34 9249.41 60.0135 23.718 12.8969 6.69702 15.0864 10.8119 9.99982e+06
0.000113586 0.0137668 4881.03 3016.35 70.8283 7.64963 0.0107485 4928.84 2658.79 9249.1 60.0767 23.7478 12.8572 6.66693 15.1341 10.7558 9.99981e+06
0.00011134 0.013634 4906.17 3026.93 70.7941 7.71882 0.0109467 4917.48 2675.4 9252.09 60.1126 23.7637 12.8814 6.68353 15.1814 10.756 9.9996e+06
0.000109493 0.0137148 4892.07 3029.17 70.9307 7.80523 0.0107115 4920.15 2717.4 9260.68 60.1253 23.805 12.8269 6.66297 15.1482 10.8215 9.99964e+06
0.000112492 0.01342 4868.21 3023.97 70.7322 7.41416 0.0105178 4956.07 2704.92 9250.73 60.0852 23.6841 12.8137 6.63374 15.1885 10.8644 9.9978e+06
0.000111804 0.0135691 4863.7 3029.69 70.744 7.4421 0.0105652 4955.84 2708.2 9255.17 60.0843 23.672 12.7549 6.57633 15.2051 10.9276 9.9975e+06
0.000109107 0.0136205 4869.25 2992.03 70.7996 7.53412 0.0105387 4957.78 2662.05 9246.44 60.0103 23.6582 12.6563 6.51864 15.077 10.9702 9.99776e+06
0.000107674 0.0135274 4852.82 3019.88 70.7681 7.33612 0.0104733 4969.78 2706.18 9246.08 60.0186 23.6415 12.7001 6.5621 15.1119 10.9785 9.99698e+06
0.000107456 0.0136021 4850.55 3012.22 70.7954 7.35214 0.0103021 4965.64 2664.34 9242.48 60.0429 23.628 12.6589 6.46847 15.1107 10.9548 9.99708e+06
0.00011075 0.0136628 4861.43 3019.93 70.813 7.37858 0.0106234 4965.45 2722.43 9251.42 60.0626 23.6443 12.5892 6.41283 15.1815 11.0629 9.99659e+06
0.000109832 0.0136357 4851.4 3026.2 70.8299 7.41035 0.0103918 4963.59 2761.25 9242.4 60.2118 23.6871 12.5788 6.4127 15.199 10.7886 9.99687e+06
0.000105853 0.0137635 4868.48 3037 70.9128 7.50499 0.0105457 4961.84 2726.83 9246.55 60.2374 23.7304 12.604 6.40569 15.249 10.8927 9.9966e+06
0.000108091 0.0139299 4856.51 3041.6 70.7207 7.3925 0.0102988 4968.07 2730.35 9238.85 60.3205 23.654 12.5744 6.35779 15.2548 10.6934 9.99553e+06
0.000109959 0.0137179 4858.63 3031 70.6715 7.42545 0.0102063 4956.04 2701.73 9230.99 60.3494 23.6798 12.6037 6.3738 15.2941 10.5002 9.99654e+06
0.00010845 0.0139095 4853.51 3031.69 70.6427 7.20975 0.0102542 4988.97 2681.19 9231.44 60.2527 23.7015 12.5505 6.27517 15.2138 10.5836 9.99613e+06
0.000109483 0.013929 4884.35 3031.36 70.7264 7.41476 0.0102147 4978.27 2627.44 9238.09 60.2336 23.6905 12.6028 6.29913 15.2088 10.6523 9.9969e+06
0.000112102 0.0142579 4900.93 3049.76 70.6947 7.47871 0.0104537 4965.25 2677.92 9250.76 60.2566 23.71 12.5983 6.32746 15.2586 10.737 9.99688e+06
0.000108578 0.0144471 4897.19 3052.02 70.7011 7.53338 0.0103459 4965.33 2634.48 9255.57 60.2187 23.6704 12.6383 6.39312 15.2482 10.8334 9.99668e+06
0.000115921 0.0143334 4911.5 3048.02 70.6718 7.54509 0.0103853 4961.45 2613.05 9252.46 60.2384 23.6283 12.7201 6.4531 15.3489 10.7099 9.99713e+06
0.000111563 0.0143321 4918.87 3002.09 71.0545 7.96123 0.010258 4941.9 2536.82 9257.36 60.0613 23.7309 12.6605 6.44108 15.2429 10.9649 9.9997e+06
0.000109416 0.0143794 4913.31 3013.85 71.0163 7.80779 0.0102737 4957.2 2543.86 9257.57 60.0123 23.7023 12.6667 6.43225 15.1884 11.063 9.99919e+06
0.000110435 0.0145257 4914.83 3023.94 70.9947 7.91734 0.0101844 4948.41 2548.32 9258.04 60.0657 23.6266 12.7068 6.47279 15.2458 10.9875 9.99924e+06
0.000113925 0.0145082 4981.96 3022.03 71.1509 8.15334 0.0104929 4924.45 2519.68 9270.52 60.0313 23.7045 12.6997 6.45451 15.228 11.148 9.99887e+06
0.000110263 0.0147229 4986.77 3021.92 71.2068 8.25766 0.0101834 4924.83 2542.95 9270.49 60.0483 23.7478 12.7128 6.47509 15.232 11.1561 9.99933e+06
0.000109741 0.0147509 4985.51 3024 71.2137 8.26556 0.00982906 4927.04 2595.63 9267.56 60.0855 23.7701 12.6744 6.44327 15.2114 11.0638 9.99929e+06
0.000113557 0.0147051 4963.79 3024.45 71.1318 8.07427 0.00986162 4940.44 2574.02 9263.13 60.0453 23.7561 12.6688 6.4388 15.1853 11.1043 9.99883e+06
0.000113229 0.0145248 4985.82 3027 71.1867 8.03021 0.00988781 4940.07 2578.61 9259.91 60.0881 23.847 12.6238 6.30814 15.1213 11.0132 9.99895e+06
0.000109693 0.0144132 4957.23 3013.79 70.9813 7.73166 0.00996471 4949.48 2540.01 9246.45 60.0383 23.7918 12.6332 6.34597 15.0447 10.8957 9.99838e+06
0.000110237 0.014449 4957.15 3038.98 70.9347 7.68918 0.0100099 4955.02 2591.71 9251.58 60.083 23.7688 12.6057 6.29122 15.1652 10.9145 9.99749e+06
0.000111428 0.0141881 4998.09 3041.6 71.0595 7.95318 0.00981714 4944.92 2602.05 9253.25 60.1572 23.8388 12.6124 6.28077 15.2772 10.7654 9.99864e+06
0.000113029 0.0143048 4995.91 3038.17 70.9067 7.74451 0.00989121 4969.38 2566.36 9251.78 60.0565 23.7655 12.6297 6.29391 15.2713 10.8348 9.99798e+06
0.00010692 0.0143372 4977.76 3040.17 70.8257 7.54032 0.00961552 4990.2 2627.35 9244.14 60.0209 23.7474 12.593 6.24783 15.2093 10.8725 9.99691e+06
0.000110392 0.0141363 4973.12 3020.41 70.8784 7.65815 0.00946764 4972.8 2563.45 9235.16 60.0804 23.7561 12.6388 6.26607 15.2065 10.713 9.99786e+06
0.000110112 0.0142608 4983.76 3025.53 70.9566 7.71499 0.00938839 4974.18 2579.19 9240.95 60.0375 23.7766 12.6809 6.30941 15.1875 10.8227 9.99816e+06
0.00010847 0.0143102 4995.63 3022.54 70.9956 7.79729 0.00940496 4978.51 2556.01 9237.86 60.0703 23.7768 12.6834 6.2853 15.1991 10.7068 9.99905e+06
0.000110942 0.0141575 4989.6 3017.32 70.9098 7.74692 0.00962343 4946.95 2589.71 9236.73 60.0759 23.7738 12.7446 6.36353 15.1115 10.7831 9.99859e+06
0.000113282 0.0143305 4998.39 3031.37 70.9143 7.69043 0.00976215 4940.66 2588.62 9240.69 60.1592 23.802 12.755 6.42913 15.1832 10.6616 9.99876e+06
0.00011136 0.0145702 4976.21 3044.03 70.8115 7.64843 0.00961009 4954.63 2654.5 9242.03 60.1907 23.7442 12.7213 6.39135 15.2018 10.643 9.99785e+06
0.000115485 0.0140942 4995.28 3031.93 71.0127 7.91323 0.00953521 4932.76 2634.05 9242.6 60.2552 23.9037 12.7912 6.44264 15.2043 10.5503 9.99915e+06
0.000111505 0.0140808 4986.4 3018.25 70.9579 7.79978 0.00949497 4944.27 2582.7 9240.23 60.1651 23.8799 12.8472 6.52995 15.196 10.5886 9.99929e+06
0.000114954 0.0144906 4980.77 3026.34 70.848 7.5093 0.00972515 4973.48 2498.53 9247.03 60.0367 23.748 12.8974 6.58881 15.2283 10.8243 9.99827e+06
0.000110147 0.0143927 4965.02 3036.39 71.0116 7.65395 0.00982616 4957.96 2523.47 9251.23 60.1409 23.8725 12.9245 6.58956 15.3345 10.7297 9.99931e+06
0.000109933 0.0143784 4968.11 3031.61 70.9685 7.81418 0.0098801 4949.34 2516.36 9252.01 60.1842 23.877 12.9108 6.49816 15.3103 10.6771 9.99943e+06
0.000114716 0.0144432 4949.91 3040.89 70.9211 7.8581 0.00992525 4917.38 2512.67 9247.45 60.2893 23.7861 12.8436 6.44895 15.3558 10.5093 9.99948e+06
0.000108638 0.0145045 4921.62 3051.2 70.7778 7.68744 0.00981983 4932.49 2554.42 9241.85 60.3372 23.7244 12.8676 6.48369 15.4278 10.3748 9.99875e+06
*end

Completed
